976,5
976,4
976,3
976,2
976,1
976,0
975,4
975,3
975,2
975,1
975,0
974,3
974,2
974,1
974,0
973,4
973,3
973,2
973,1
973,0
972,3
972,2
972,1
972,0
971,5
971,4
971,3
971,2
971,1
971,0
970,4
970,3
970,2
970,1
970,0
969,3
969,2
969,1
969,0
968,4
968,3
968,2
968,1
968,0
967,4
967,3
967,2
967,1
967,0
966,4
966,3
966,2
966,1
966,0
965,6
965,5
965,4
965,3
965,2
965,1
965,0
964,6
964,5
964,4
964,3
964,2
964,1
964,0
963,6
963,5
963,4
963,3
963,2
963,1
963,0
962,4
962,3
962,2
962,1
962,0
961,3
961,2
961,1
961,0
960,3
960,2
960,1
960,0
959,4
959,3
959,2
959,1
959,0
958,4
958,3
958,2
958,1
958,0
957,4
957,3
957,2
957,1
957,0
956,4
956,3
956,2
956,1
956,0
955,4
955,3
955,2
955,1
955,0
954,4
954,3
954,2
954,1
954,0
953,4
953,3
953,2
953,1
953,0
952,3
952,2
952,1
952,0
951,4
951,3
951,2
951,1
951,0
950,3
950,2
950,1
950,0
949,3
949,2
949,1
949,0
948,5
948,4
948,3
948,2
948,1
948,0
947,3
947,2
947,1
947,0
946,4
946,3
946,2
946,1
946,0
945,3
945,2
945,1
945,0
944,5
944,4
944,3
944,2
944,1
944,0
943,4
943,3
943,2
943,1
943,0
942,3
942,2
942,1
942,0
941,4
941,3
941,2
941,1
941,0
940,3
940,2
940,1
940,0
939,5
939,4
939,3
939,2
939,1
939,0
938,4
938,3
938,2
938,1
938,0
937,3
937,2
937,1
937,0
936,4
936,3
936,2
936,1
936,0
935,4
935,3
935,2
935,1
935,0
934,4
934,3
934,2
934,1
934,0
933,6
933,5
933,4
933,3
933,2
933,1
933,0
932,6
932,5
932,4
932,3
932,2
932,1
932,0
931,6
931,5
931,4
931,3
931,2
931,1
931,0
930,4
930,3
930,2
930,1
930,0
929,3
929,2
929,1
929,0
928,3
928,2
928,1
928,0
927,4
927,3
927,2
927,1
927,0
926,4
926,3
926,2
926,1
926,0
925,4
925,3
925,2
925,1
925,0
924,4
924,3
924,2
924,1
924,0
923,4
923,3
923,2
923,1
923,0
922,4
922,3
922,2
922,1
922,0
921,4
921,3
921,2
921,1
921,0
920,3
920,2
920,1
920,0
919,4
919,3
919,2
919,1
919,0
918,3
918,2
918,1
918,0
917,3
917,2
917,1
917,0
916,5
916,4
916,3
916,2
916,1
916,0
915,3
915,2
915,1
915,0
914,4
914,3
914,2
914,1
914,0
913,3
913,2
913,1
913,0
912,5
912,4
912,3
912,2
912,1
912,0
911,4
911,3
911,2
911,1
911,0
910,3
910,2
910,1
910,0
909,4
909,3
909,2
909,1
909,0
908,3
908,2
908,1
908,0
907,5
907,4
907,3
907,2
907,1
907,0
906,4
906,3
906,2
906,1
906,0
905,3
905,2
905,1
905,0
904,4
904,3
904,2
904,1
904,0
903,4
903,3
903,2
903,1
903,0
902,4
902,3
902,2
902,1
902,0
901,6
901,5
901,4
901,3
901,2
901,1
901,0
900,6
900,5
900,4
900,3
900,2
900,1
900,0
899,6
899,5
899,4
899,3
899,2
899,1
899,0
898,4
898,3
898,2
898,1
898,0
897,3
897,2
897,1
897,0
896,3
896,2
896,1
896,0
895,4
895,3
895,2
895,1
895,0
894,4
894,3
894,2
894,1
894,0
893,4
893,3
893,2
893,1
893,0
892,4
892,3
892,2
892,1
892,0
891,4
891,3
891,2
891,1
891,0
890,4
890,3
890,2
890,1
890,0
889,4
889,3
889,2
889,1
889,0
888,3
888,2
888,1
888,0
887,4
887,3
887,2
887,1
887,0
886,3
886,2
886,1
886,0
885,3
885,2
885,1
885,0
884,5
884,4
884,3
884,2
884,1
884,0
883,3
883,2
883,1
883,0
882,4
882,3
882,2
882,1
882,0
881,3
881,2
881,1
881,0
880,5
880,4
880,3
880,2
880,1
880,0
879,4
879,3
879,2
879,1
879,0
878,3
878,2
878,1
878,0
877,4
877,3
877,2
877,1
877,0
876,3
876,2
876,1
876,0
875,5
875,4
875,3
875,2
875,1
875,0
874,4
874,3
874,2
874,1
874,0
873,3
873,2
873,1
873,0
872,4
872,3
872,2
872,1
872,0
871,4
871,3
871,2
871,1
871,0
870,4
870,3
870,2
870,1
870,0
869,6
869,5
869,4
869,3
869,2
869,1
869,0
868,6
868,5
868,4
868,3
868,2
868,1
868,0
867,6
867,5
867,4
867,3
867,2
867,1
867,0
866,4
866,3
866,2
866,1
866,0
865,3
865,2
865,1
865,0
864,3
864,2
864,1
864,0
863,4
863,3
863,2
863,1
863,0
862,4
862,3
862,2
862,1
862,0
861,4
861,3
861,2
861,1
861,0
860,4
860,3
860,2
860,1
860,0
859,4
859,3
859,2
859,1
859,0
858,4
858,3
858,2
858,1
858,0
857,4
857,3
857,2
857,1
857,0
856,3
856,2
856,1
856,0
855,4
855,3
855,2
855,1
855,0
854,3
854,2
854,1
854,0
853,3
853,2
853,1
853,0
852,5
852,4
852,3
852,2
852,1
852,0
851,3
851,2
851,1
851,0
850,4
850,3
850,2
850,1
850,0
849,3
849,2
849,1
849,0
848,4
848,3
848,2
848,1
848,0
847,3
847,2
847,1
847,0
846,4
846,3
846,2
846,1
846,0
845,4
845,3
845,2
845,1
845,0
844,6
844,5
844,4
844,3
844,2
844,1
844,0
843,6
843,5
843,4
843,3
843,2
843,1
843,0
842,6
842,5
842,4
842,3
842,2
842,1
842,0
841,4
841,3
841,2
841,1
841,0
840,3
840,2
840,1
840,0
839,3
839,2
839,1
839,0
838,4
838,3
838,2
838,1
838,0
837,4
837,3
837,2
837,1
837,0
836,4
836,3
836,2
836,1
836,0
835,4
835,3
835,2
835,1
835,0
834,4
834,3
834,2
834,1
834,0
833,4
833,3
833,2
833,1
833,0
832,4
832,3
832,2
832,1
832,0
831,3
831,2
831,1
831,0
830,4
830,3
830,2
830,1
830,0
829,3
829,2
829,1
829,0
828,3
828,2
828,1
828,0
827,5
827,4
827,3
827,2
827,1
827,0
826,3
826,2
826,1
826,0
825,4
825,3
825,2
825,1
825,0
824,3
824,2
824,1
824,0
823,4
823,3
823,2
823,1
823,0
822,3
822,2
822,1
822,0
821,4
821,3
821,2
821,1
821,0
820,4
820,3
820,2
820,1
820,0
819,6
819,5
819,4
819,3
819,2
819,1
819,0
818,6
818,5
818,4
818,3
818,2
818,1
818,0
817,6
817,5
817,4
817,3
817,2
817,1
817,0
816,4
816,3
816,2
816,1
816,0
815,3
815,2
815,1
815,0
814,3
814,2
814,1
814,0
813,4
813,3
813,2
813,1
813,0
812,4
812,3
812,2
812,1
812,0
811,4
811,3
811,2
811,1
811,0
810,4
810,3
810,2
810,1
810,0
809,4
809,3
809,2
809,1
809,0
808,4
808,3
808,2
808,1
808,0
807,4
807,3
807,2
807,1
807,0
806,3
806,2
806,1
806,0
805,4
805,3
805,2
805,1
805,0
804,3
804,2
804,1
804,0
803,3
803,2
803,1
803,0
802,5
802,4
802,3
802,2
802,1
802,0
801,3
801,2
801,1
801,0
800,4
800,3
800,2
800,1
800,0
799,3
799,2
799,1
799,0
798,4
798,3
798,2
798,1
798,0
797,3
797,2
797,1
797,0
796,4
796,3
796,2
796,1
796,0
795,4
795,3
795,2
795,1
795,0
794,6
794,5
794,4
794,3
794,2
794,1
794,0
793,6
793,5
793,4
793,3
793,2
793,1
793,0
792,6
792,5
792,4
792,3
792,2
792,1
792,0
791,4
791,3
791,2
791,1
791,0
790,3
790,2
790,1
790,0
789,3
789,2
789,1
789,0
788,4
788,3
788,2
788,1
788,0
787,4
787,3
787,2
787,1
787,0
786,4
786,3
786,2
786,1
786,0
785,4
785,3
785,2
785,1
785,0
784,4
784,3
784,2
784,1
784,0
783,4
783,3
783,2
783,1
783,0
782,4
782,3
782,2
782,1
782,0
781,3
781,2
781,1
781,0
780,4
780,3
780,2
780,1
780,0
779,3
779,2
779,1
779,0
778,3
778,2
778,1
778,0
777,5
777,4
777,3
777,2
777,1
777,0
776,3
776,2
776,1
776,0
775,4
775,3
775,2
775,1
775,0
774,3
774,2
774,1
774,0
773,4
773,3
773,2
773,1
773,0
772,3
772,2
772,1
772,0
771,4
771,3
771,2
771,1
771,0
770,4
770,3
770,2
770,1
770,0
769,6
769,5
769,4
769,3
769,2
769,1
769,0
768,6
768,5
768,4
768,3
768,2
768,1
768,0
767,6
767,5
767,4
767,3
767,2
767,1
767,0
766,4
766,3
766,2
766,1
766,0
765,3
765,2
765,1
765,0
764,3
764,2
764,1
764,0
763,4
763,3
763,2
763,1
763,0
762,4
762,3
762,2
762,1
762,0
2,12
2,11
761,4
761,3
761,2
761,1
761,0
760,4
760,3
760,2
760,1
760,0
759,4
759,3
759,2
759,1
759,0
758,4
758,3
758,2
758,1
758,0
757,4
757,3
757,2
757,1
757,0
756,3
756,2
756,1
756,0
755,4
2,10
755,3
755,2
755,1
755,0
754,3
754,2
754,1
754,0
753,3
753,2
753,1
753,0
752,5
752,4
752,3
752,2
752,1
752,0
751,3
751,2
751,1
751,0
750,4
750,3
750,2
750,1
750,0
749,3
749,2
749,1
749,0
0,310
0,305
0,308
0,307
0,302
0,304
0,303
0,12
0,532
0,10
0,8
0,0
0,415
0,448
0,300
0,495
0,412
0,299
0,527
0,484
0,298
0,411
0,297
0,416
0,410
0,296
0,396
0,409
0,295
0,559
0,483
0,294
0,504
0,407
0,293
0,526
0,392
0,292
0,525
0,291
0,502
0,404
0,290
0,546
0,476
0,289
0,524
0,288
0,533
0,403
0,287
0,537
0,402
0,286
0,474
0,401
0,285
0,558
0,536
0,284
0,564
0,575
0,283
0,523
0,282
0,522
0,487
0,281
0,521
0,447
0,280
0,389
0,394
0,279
0,393
0,334
0,278
0,391
0,460
0,277
0,574
0,388
0,276
0,547
0,520
0,275
0,497
0,387
0,274
0,440
0,386
0,273
0,385
0,272
0,482
0,395
0,271
0,485
0,384
0,270
0,519
0,567
0,269
0,556
0,479
0,268
0,471
0,381
0,267
0,544
0,451
0,266
0,563
0,265
0,455
0,380
0,264
0,499
0,379
0,263
0,465
0,378
0,262
0,475
0,543
0,261
0,463
0,377
0,260
0,517
0,446
0,259
0,473
0,565
0,258
0,414
0,374
0,257
0,516
0,531
0,256
0,554
0,472
0,255
0,428
0,373
0,254
0,382
0,372
0,253
0,470
0,371
0,252
0,515
0,548
0,251
0,350
0,370
0,250
0,466
0,462
0,249
0,514
0,557
0,248
0,367
0,247
0,477
0,513
0,246
0,553
0,551
0,245
0,454
0,366
0,244
0,421
0,365
0,242
0,542
0,364
0,241
0,363
0,240
2,1
0,330
1,0
0,344
1,3
1,1
0,360
0,375
0,534
0,383
0,390
718,1
718,5
0,419
0,444
0,494
0,507
0,538
0,550
2,4
2,6
2,8
3,0
3,1
228,0
228,2
228,3
230,1
230,2
231,0
231,1
231,3
231,5
232,0
232,2
232,3
233,1
233,3
234,0
234,2
234,3
235,0
235,2
235,3
236,1
236,2
236,4
237,0
237,2
237,4
238,0
238,2
238,3
240,0
240,2
240,3
242,0
242,1
242,3
242,4
245,1
245,3
245,4
248,1
248,2
248,4
248,6
250,0
250,2
250,3
251,0
251,1
251,3
254,0
254,1
254,3
254,4
254,6
255,1
255,2
258,0
258,1
258,3
258,5
260,0
260,2
260,3
262,0
262,1
262,3
715,0
715,1
715,3
717,0
717,2
718,2
718,4
719,1
719,2
720,0
720,1
720,3
721,1
721,2
721,4
722,0
722,2
723,0
723,1
723,3
723,4
724,1
724,2
724,4
725,1
725,2
725,4
727,0
727,2
727,4
729,0
729,2
729,3
732,0
732,1
732,3
735,0
735,1
735,3
735,4
735,6
737,1
737,2
737,4
738,0
738,2
738,4
741,0
741,2
741,3
741,5
742,0
742,2
745,0
745,1
745,3
745,4
748,0
748,2
748,3
748,5
748,4
748,1
745,5
745,2
742,3
742,1
741,4
741,1
738,3
738,1
737,3
737,0
735,5
735,2
732,4
732,2
729,4
729,1
727,3
727,1
725,3
725,0
724,3
724,0
723,2
722,3
722,1
721,3
721,0
720,2
719,3
719,0
717,3
717,1
715,2
262,4
262,2
260,4
260,1
258,4
258,2
255,3
255,0
254,5
254,2
251,4
251,2
250,4
250,1
248,5
248,3
248,0
245,2
245,0
242,2
240,4
240,1
238,4
238,1
237,3
237,1
236,3
236,0
235,1
234,4
234,1
233,2
233,0
232,1
231,4
231,2
230,3
230,0
228,1
3,3
2,9
2,5
2,2
0,508
0,490
0,408
0,406
718,3
0,376
718,0
0,351
0,333
0,322
0,319
2,7
0,243
2,3
2,0
0,9
0,512
0,433
0,239
0,422
0,362
0,238
0,459
0,431
0,237
0,511
0,361
0,236
0,359
0,235
0,540
0,571
0,234
0,464
0,458
0,233
0,417
0,358
0,232
0,450
0,357
0,231
0,498
0,356
0,230
0,545
0,355
0,229
0,481
0,354
0,228
0,353
0,227
0,535
0,541
0,226
0,489
0,352
0,225
0,453
0,503
0,224
0,566
0,420
0,223
0,399
0,349
0,222
0,461
0,452
0,221
0,510
0,518
0,220
0,400
0,348
0,219
0,430
0,347
0,218
0,569
0,346
0,217
0,509
0,457
0,216
0,449
0,572
0,215
0,505
0,343
0,214
0,469
0,342
0,213
0,345
0,341
0,212
0,468
0,340
0,211
0,573
0,339
0,210
0,329
0,338
0,209
0,368
0,337
0,208
0,500
0,336
0,207
0,445
0,539
0,206
0,552
0,335
0,205
0,442
0,398
0,204
0,441
0,492
0,203
0,443
0,332
0,202
0,438
0,201
0,530
0,427
0,200
0,439
0,331
0,199
0,437
0,488
0,198
0,549
0,436
0,197
0,570
0,328
0,196
0,529
0,501
0,195
0,528
0,562
0,194
0,480
0,327
0,193
0,434
0,326
0,192
0,467
0,325
0,63
0,435
0,324
0,62
0,432
0,323
0,61
0,418
0,321
0,60
0,456
0,426
0,59
0,478
0,320
0,58
0,425
0,506
0,57
0,424
0,369
0,56
0,568
0,317
0,55
0,560
0,405
0,54
0,429
0,423
0,53
0,555
0,316
0,52
0,561
0,315
0,51
0,318
0,314
0,50
0,486
0,313
0,49
0,496
0,312
0,48
0,397
0,311
0,47
0,413
0,309
0,46
0,493
0,306
0,45
0,491
0,301
0,6
0,5
0,1
0,11
0,4
0,2
0,3
0,7
